5
100 33
2 27
13 61		
59 8		
21 64		
50 63		
10 31		
80 77		
6 6		
72 19		
90 30		
44 23		
86 88		
77 1		
11 30		
11 27		
17 32		
42 41		
67 29		
86 33		
54 88		
40 36		
58 47		
46 71		
26 83		
32 7		
48 2		
21 46		
63 43		
58 19		
64 54		
76 90		
98 82		
12 66		
34 45		
86 93		
35 43		
39 44		
67 79		
50 8		
44 84		
40 42		
84 29		
80 91		
14 18		
16 1		
86 17		
14 21		
21 66		
3 99		
34 92		
91 37		
22 41		
12 31		
21 14		
95 48		
35 64		
94 24		
49 100		
44 61		
33 4		
23 86		
93 96		
1 75		
84 22		
24 79		
83 78		
42 59		
98 43		
10 6		
41 92		
49 56		
44 48		
57 86		
63 30		
53 13		
62 49		
7 15		
29 45		
89 40		
57 33		
78 58		
98 55		
38 45		
96 76		
5 92		
86 77		
76 27		
17 42		
97 26		
26 35		
68 60		
96 90		
29 82		
47 10		
3 56		
32 31		
77 44		
30 60		
59 31		
90 92		
