5
100 33
49 47
70 8		
39 52		
92 70		
15 20		
44 100		
100 16		
10 47		
56 78		
89 83		
91 48		
94 36		
17 35		
53 34		
32 52		
73 99		
32 15		
98 93		
74 3		
94 26		
10 15		
49 66		
72 64		
43 40		
22 60		
47 25		
41 29		
26 23		
76 88		
84 76		
32 50		
75 73		
14 7		
1 63		
39 78		
74 85		
35 82		
85 20		
79 12		
34 49		
67 2		
10 55		
53 46		
28 71		
88 1		
32 94		
50 76		
39 42		
46 99		
42 5		
38 1		
73 93		
23 69		
78 74		
52 88		
48 19		
98 17		
25 33		
83 15		
55 86		
67 2		
31 52		
86 75		
69 24		
72 92		
26 96		
48 48		
42 72		
100 73		
98 84		
71 89		
47 9		
56 95		
73 96		
36 25		
78 14		
96 48		
16 59		
48 9		
94 2		
85 92		
63 38		
56 68		
50 13		
84 41		
24 7		
36 97		
13 83		
23 6		
84 43		
67 27		
26 83		
63 94		
59 46		
72 36		
89 24		
76 49		
67 69		
14 88		
31 25
